A00_v2/A00_00    0.998 1769.743 1167.647 1799.129 1206.706 
A00_v2/A00_00    0.997 1872.741 1436.899 1902.889 1476.489 
A00_v2/A00_00    0.997  292.109  610.604  332.078  657.509 
A00_v2/A00_00    0.996 1992.958  913.542 2030.095  943.498 
A00_v2/A00_00    0.996  351.890 1217.808  382.740 1240.140 
A00_v2/A00_00    0.993 1294.867 1954.011 1340.473 1983.213 
A00_v2/A00_00    0.976  874.096 1136.100  894.051 1160.547 
A00_v2/A00_00    0.854 2033.331 1201.219 2079.891 1257.891 
A00_v2/A00_00    0.833 1086.016 1572.281 1106.295 1596.823 
A00_v2/A00_00    0.822  852.892 1429.647  873.706 1451.455 
A00_v2/A00_00    0.815  104.138 1622.175  124.134 1655.592 
A00_v2/A00_00    0.759 2048.459 1036.309 2079.847 1074.201 
A00_v2/A00_00    0.657  242.565 1617.230  261.985 1638.301 
A00_v2/A00_00    0.630 2031.036 1049.570 2046.286 1069.645 
A00_v2/A00_00    0.618 1087.543  204.562 1116.957  229.579 
A00_v2/A00_00    0.507  842.788  307.962  887.065  336.926 
A00_v2/A00_00    0.371 1778.374  635.280 1810.462  663.821 
A00_v2/A00_00    0.212 1115.877    0.000 1138.594   26.996 
A00_v2/A00_00    0.170 2039.922    0.000 2080.223   21.413 
A00_v2/A00_00    0.167 1836.285   30.179 1865.286   52.415 
A00_v2/A00_00    0.140 1495.848   13.568 1532.493   37.574 
A00_v2/A00_00    0.131 1725.800  194.706 1749.853  211.418 
A00_v2/A00_00    0.064 2055.080 1444.786 2078.820 1469.738 
A00_v2/A00_08    0.998  303.174  484.712  336.260  501.953 
A00_v2/A00_08    0.997 1692.101 1211.038 1715.083 1239.666 
A00_v2/A00_08    0.930  982.716  356.362 1002.688  387.801 
A00_v2/A00_08    0.628  182.815  943.626  211.522  979.285 
A00_v2/A00_08    0.393  880.045 1819.041  905.631 1861.274 
A00_v2/A00_08    0.268 1287.829  291.215 1311.359  318.951 
A00_v2/A00_08    0.235 1858.704 1728.560 1890.786 1756.821 
A00_v2/A00_08    0.100  359.108  655.399  404.768  695.285 
A00_v2/A00_08    0.076  253.615  730.536  273.619  757.914 
A00_v2/A00_08    0.069  747.195   14.406  775.162   30.697 
A00_v2/A00_08    0.068  873.877  470.184  911.896  498.613 
A00_v2/A00_08    0.060   55.947 1038.411   84.124 1072.233 
A00_v2/A00_08    0.054  132.148  917.511  160.577  936.543 
A01_v2/A01_04    0.999 1784.193  560.097 1826.145  597.461 
A01_v2/A01_04    0.999  271.526 1528.373  322.069 1569.153 
A01_v2/A01_04    0.998  738.261 1665.646  773.204 1700.654 
A01_v2/A01_04    0.997 1545.744 2024.979 1594.577 2062.782 
A01_v2/A01_04    0.996   78.704 1199.122   97.069 1235.378 
A01_v2/A01_04    0.995   46.097 1172.437   82.697 1194.070 
A01_v2/A01_04    0.993 1275.440   75.289 1310.621  104.017 
A01_v2/A01_04    0.987 1935.908  836.018 1980.830  880.312 
A01_v2/A01_04    0.832 1387.677  351.626 1426.352  376.267 
A01_v2/A01_04    0.659 1705.827 1768.772 1759.842 1825.240 
A01_v2/A01_04    0.531 1403.781 2044.505 1426.277 2071.671 
A01_v2/A01_04    0.173 1963.209 1974.018 1993.003 2000.550 
A01_v2/A01_04    0.108 1554.698 2053.756 1576.914 2077.395 
A01_v2/A01_06    0.999  103.403  763.496  158.031  808.635 
A01_v2/A01_06    0.998 1388.714 1642.388 1435.027 1676.974 
A01_v2/A01_06    0.998 1663.335 1196.009 1700.914 1235.601 
A01_v2/A01_06    0.997  693.548  926.183  730.169  957.951 
A01_v2/A01_06    0.996  225.316  869.644  256.057  908.243 
A01_v2/A01_06    0.994  360.539  683.251  379.734  715.263 
A01_v2/A01_06    0.989 1599.591 1375.502 1644.638 1420.074 
A01_v2/A01_06    0.942  875.584 1276.974  919.595 1321.448 
A01_v2/A01_06    0.143 1010.273 1673.877 1035.239 1698.823 
A01_v2/A01_06    0.112  106.860  292.125  126.339  313.517 
A01_v2/A01_09    1.000 1868.271 1257.193 1903.634 1295.077 
A01_v2/A01_09    0.999  636.325 1795.029  669.318 1832.178 
A01_v2/A01_09    0.999  664.647  528.152  706.121  567.523 
A01_v2/A01_09    0.998 1481.961 1594.464 1530.804 1632.697 
A01_v2/A01_09    0.998 1960.835 1522.283 2002.880 1548.552 
A01_v2/A01_09    0.998  166.433 1433.287  195.370 1475.233 
A01_v2/A01_09    0.997  339.639 1500.441  367.160 1531.406 
A01_v2/A01_09    0.996 1515.568  410.596 1537.331  438.959 
A01_v2/A01_09    0.986 1409.494  314.574 1444.870  343.730 
A01_v2/A01_09    0.142  813.783 1871.659  842.073 1899.313 
A02_v2/A02_00    0.999   89.510 1367.167  116.228 1401.057 
A02_v2/A02_00    0.996  296.927 1679.965  342.885 1714.400 
A02_v2/A02_00    0.991 1902.746  715.782 1921.581  743.350 
A02_v2/A02_00    0.990 1849.131  302.107 1878.607  320.106 
A02_v2/A02_00    0.956 1443.203  391.284 1469.653  410.763 
A02_v2/A02_00    0.730 1995.301  560.192 2021.179  582.903 
A02_v2/A02_00    0.656 1205.404 1685.803 1225.535 1706.166 
A02_v2/A02_00    0.633  869.831    2.102  898.835   31.940 
A02_v2/A02_00    0.494  356.186  318.577  371.382  338.608 
A02_v2/A02_00    0.479  315.540 1691.815  344.740 1706.471 
A02_v2/A02_00    0.438  821.879  474.392  846.112  500.234 
A02_v2/A02_00    0.437    0.000 1807.677   25.882 1838.014 
A02_v2/A02_00    0.161 1146.146  166.502 1173.461  180.855 
A02_v2/A02_00    0.091  294.494 1696.297  317.584 1718.088 
A02_v2/A02_01    0.999  548.618 2016.311  585.883 2052.305 
A02_v2/A02_01    0.999 1861.261 1632.459 1897.445 1655.150 
A02_v2/A02_01    0.978 1215.344  607.389 1236.868  636.853 
A02_v2/A02_01    0.581  263.574 1271.843  286.732 1302.809 
A02_v2/A02_03    0.999  187.292  483.598  217.182  510.600 
A02_v2/A02_03    0.848 1628.867 1044.222 1667.822 1086.161 
A02_v2/A02_03    0.788  188.396  736.333  211.500  768.581 
A02_v2/A02_03    0.595 1490.856 2024.837 1529.010 2065.607 
A02_v2/A02_03    0.378 1698.615   67.453 1735.158   92.704 
A02_v2/A02_03    0.208  443.410 1917.844  457.197 1937.236 
A02_v2/A02_03    0.177 1725.052  110.668 1747.070  127.256 
A02_v2/A02_03    0.097 1592.031  462.308 1631.935  489.593 
A02_v2/A02_03    0.057 1491.890  905.650 1526.477  947.854 
A02_v2/A02_03    0.056   52.565   67.223   84.854  105.601 
A02_v2/A02_03    0.052   31.384 1515.173   51.864 1557.958 
A02_v2/A02_07    0.998 1746.294 1027.061 1766.990 1055.390 
A02_v2/A02_07    0.979 1836.702 1917.458 1861.659 1940.285 
A02_v2/A02_07    0.978  716.211  986.489  760.873 1018.278 
A02_v2/A02_07    0.956 2050.009  724.564 2078.378  762.104 
A02_v2/A02_07    0.950   40.043 1861.507  100.433 1905.826 
A02_v2/A02_07    0.696  755.577 1631.780  787.520 1661.161 
A02_v2/A02_07    0.369  679.353 1281.449  716.037 1328.934 
A02_v2/A02_07    0.053   38.203  952.834   59.460  970.805 
A03_v2/A03_00    0.999 1380.224  316.278 1419.443  346.268 
A03_v2/A03_00    0.999    2.639 1729.465   25.002 1756.235 
A03_v2/A03_00    0.999 1708.164 1771.301 1733.400 1794.846 
A03_v2/A03_00    0.999  297.171 1500.114  324.542 1523.339 
A03_v2/A03_00    0.998 1094.860 1030.464 1134.427 1083.075 
A03_v2/A03_00    0.998  651.286  449.031  676.398  481.242 
A03_v2/A03_00    0.997   36.636  948.285   66.259  968.906 
A03_v2/A03_00    0.997  585.282 1027.761  620.140 1057.993 
A03_v2/A03_00    0.996  114.415  387.936  141.007  407.494 
A03_v2/A03_00    0.996  491.640  525.469  515.699  555.291 
A03_v2/A03_00    0.996  378.808 1262.219  407.866 1283.239 
A03_v2/A03_00    0.996 2046.337 1473.651 2070.895 1497.448 
A03_v2/A03_00    0.994  795.258 1225.436  825.030 1251.268 
A03_v2/A03_00    0.994 1243.526 1298.862 1269.544 1322.775 
A03_v2/A03_00    0.994 1660.640 1300.966 1690.911 1324.885 
A03_v2/A03_00    0.993 1637.684 1758.439 1661.523 1783.131 
A03_v2/A03_00    0.991  970.505  394.199  998.105  420.620 
A03_v2/A03_00    0.991  383.091 1690.453  408.285 1712.890 
A03_v2/A03_00    0.988  230.108 1635.631  248.218 1660.906 
A03_v2/A03_00    0.949 1539.270 1084.722 1564.420 1107.808 
A03_v2/A03_00    0.850 1250.021  682.198 1283.894  714.230 
A03_v2/A03_00    0.839 1595.156  162.516 1617.809  188.243 
A03_v2/A03_00    0.598   50.566 1717.644   67.098 1742.307 
A03_v2/A03_00    0.568  904.774 1114.041  926.963 1133.071 
A03_v2/A03_00    0.429 1522.479 1037.305 1548.996 1053.026 
A03_v2/A03_00    0.207  195.608  705.356  226.280  728.899 
A03_v2/A03_00    0.167 1615.074  146.116 1635.281  166.577 
A03_v2/A03_00    0.082 1722.094 1025.063 1743.570 1046.359 
A03_v2/A03_00    0.068 1092.565  154.219 1112.055  172.511 
A03_v2/A03_00    0.063   20.515 2032.098   48.331 2073.159 
A03_v2/A03_00    0.052 1023.645  494.878 1037.213  515.271 
A03_v2/A03_01    0.999 1208.091  929.174 1237.694  951.510 
A03_v2/A03_01    0.998 1103.493 2052.549 1132.653 2081.410 
A03_v2/A03_01    0.998  630.312  962.914  655.928  989.923 
A03_v2/A03_01    0.998  227.383  663.574  261.979  685.864 
A03_v2/A03_01    0.996  231.143  545.913  250.336  570.343 
A03_v2/A03_01    0.994  666.542   64.372  688.532   89.636 
A03_v2/A03_01    0.985 1052.235  575.374 1077.513  604.688 
A03_v2/A03_01    0.937 1980.266 1684.613 1998.589 1701.096 
A03_v2/A03_01    0.896  297.005  621.250  315.455  649.156 
A03_v2/A03_01    0.717 1092.099 1004.644 1115.188 1026.902 
A03_v2/A03_01    0.475 1336.683  244.239 1367.265  263.718 
A03_v2/A03_01    0.319  149.169  610.493  170.606  629.007 
A03_v2/A03_01    0.241  292.182 1965.788  320.524 1994.052 
A03_v2/A03_01    0.165  348.743  811.190  366.181  836.415 
A03_v2/A03_01    0.105 1970.504 1711.886 1995.539 1726.250 
A03_v2/A03_04    1.000   37.612 1796.687   59.283 1826.809 
A03_v2/A03_04    0.999 1407.369   22.593 1439.051   50.412 
A03_v2/A03_04    0.999 1355.668  981.887 1381.428 1008.116 
A03_v2/A03_04    0.999 1553.273 1909.753 1576.661 1937.203 
A03_v2/A03_04    0.997 1451.736 1209.846 1471.555 1228.873 
A03_v2/A03_04    0.997 1150.049  797.326 1182.012  817.215 
A03_v2/A03_04    0.996  398.935  380.280  429.064  406.842 
A03_v2/A03_04    0.994  771.421 1109.165  790.151 1126.720 
A03_v2/A03_04    0.994  691.604  911.580  717.016  937.053 
A03_v2/A03_04    0.993 1248.021  632.011 1269.501  650.849 
A03_v2/A03_04    0.924  170.882  822.790  199.098  855.044 
A03_v2/A03_04    0.907 2060.454 1854.514 2077.001 1879.226 
A03_v2/A03_04    0.906  802.740 1619.296  832.028 1644.140 
A03_v2/A03_04    0.797  866.528  797.679  891.738  827.684 
A03_v2/A03_04    0.483 1885.041  552.950 1908.181  573.005 
A03_v2/A03_04    0.406  809.812  433.390  828.121  461.471 
A03_v2/A03_04    0.361  553.775  581.976  587.677  603.467 
A03_v2/A03_04    0.356 1283.728  917.056 1305.938  942.198 
A03_v2/A03_04    0.131  383.227 1387.038  418.379 1404.507 
A03_v2/A03_04    0.112 1902.473 1389.640 1934.891 1410.137 
A03_v2/A03_04    0.100  830.364  364.837  852.315  383.277 
A03_v2/A03_04    0.075   21.621  754.619   43.829  787.405 
A03_v2/A03_04    0.062  398.797 1715.068  425.110 1734.172 
A04_v2/A04_03    1.000 1780.478  157.221 1820.329  196.421 
A04_v2/A04_03    0.999  245.510 1461.937  277.022 1494.169 
A04_v2/A04_03    0.998  253.878 1718.376  280.537 1757.218 
A04_v2/A04_03    0.998  890.569   45.210  930.011   95.473 
A04_v2/A04_03    0.997 1284.118 1850.697 1310.807 1875.084 
A04_v2/A04_03    0.997  661.414 1901.293  706.183 1936.768 
A04_v2/A04_03    0.994 1662.789 2051.091 1705.232 2079.913 
A04_v2/A04_03    0.990  959.913  312.243 1007.678  358.806 
A04_v2/A04_03    0.976 1367.115  149.826 1396.149  166.855 
A04_v2/A04_03    0.844  249.265  553.928  278.448  582.037 
A04_v2/A04_03    0.426 1603.150  394.023 1629.481  418.694 
A04_v2/A04_03    0.297 1158.757  356.674 1174.958  377.476 
A04_v2/A04_03    0.245 1990.422  472.011 2004.952  502.301 
A04_v2/A04_03    0.067 1569.458 1634.351 1597.630 1673.696 
A04_v2/A04_07    1.000  152.050  286.043  193.866  324.332 
A04_v2/A04_07    0.999  204.577  789.656  238.612  826.957 
A04_v2/A04_07    0.999 1361.713 1888.833 1398.689 1926.223 
A04_v2/A04_07    0.998 1270.630  191.927 1313.903  221.630 
A04_v2/A04_07    0.996  633.841  773.753  672.077  815.941 
A04_v2/A04_07    0.971  725.260 1979.042  764.131 2001.337 
A04_v2/A04_07    0.969  940.352 1050.735  964.184 1079.568 
A04_v2/A04_07    0.859  768.882 2061.548  805.921 2081.867 
A04_v2/A04_07    0.754 1662.530  239.915 1685.663  266.859 
A04_v2/A04_07    0.521 1153.734 1816.984 1183.769 1849.755 
A04_v2/A04_07    0.474  687.661 1487.057  717.304 1512.267 
A04_v2/A04_07    0.207 1806.098  181.477 1826.155  211.484 
A04_v2/A04_07    0.082 1456.165  573.382 1493.612  605.476 
A04_v2/A04_09    1.000 1960.473 1700.177 2008.632 1752.742 
A04_v2/A04_09    0.997 1151.377  331.794 1189.453  357.683 
A04_v2/A04_09    0.993  214.580 2044.874  253.275 2080.803 
A04_v2/A04_09    0.990 1244.260 1306.809 1267.581 1329.266 
A04_v2/A04_09    0.985  238.934  630.376  272.278  671.667 
A04_v2/A04_09    0.981 1828.246 1322.196 1860.052 1362.091 
A04_v2/A04_09    0.975   59.796  435.250   79.268  474.196 
A04_v2/A04_09    0.268 1814.874 1325.171 1850.062 1344.144 
A04_v2/A04_09    0.161  201.701 2026.823  229.247 2052.741 
A04_v2/A04_09    0.067  339.908  802.645  389.047  829.352 
A04_v2/A04_09    0.057  447.598 1581.831  468.504 1611.947 
